%time,field.header.seq,field.header.stamp,field.header.frame_id,field.point.x,field.point.y,field.point.z
1432198001676341475,812,0,Camera,0.0321952397386,-0.0308235628096,0.591404406969
1432198001892065773,813,0,Camera,0.03150467427,-0.0300896560086,0.593733804981
1432198002229876673,814,0,Camera,0.0304481573766,-0.0281142030858,0.594560570864
1432198002495397282,815,0,Camera,0.0274455420339,-0.0266679726595,0.601907089224
1432198002830333284,816,0,Camera,0.0226980196598,-0.0265694371026,0.613199234003
1432198003091199377,817,0,Camera,0.0185220291751,-0.0282512449248,0.618994777007
1432198003378769963,818,0,Camera,0.0196418795276,-0.0271945108404,0.613922280448
1432198003595849569,819,0,Camera,0.0210930734201,-0.023726638199,0.611936959271
1432198003930187213,820,0,Camera,0.0231136619309,-0.0275208435537,0.606399674205
1432198004189617535,821,0,Camera,0.024849004814,-0.0350381107939,0.600061615452
1432198004579233114,822,0,Camera,0.0270603579752,-0.0353425580283,0.595814441967
1432198004885444624,823,0,Camera,0.029176983164,-0.040318322726,0.584558434001
1432198005143297544,824,0,Camera,0.0328260220558,-0.0508277383833,0.565937273881
1432198005430784954,825,0,Camera,0.0264236610248,-0.0492617073688,0.583300223964
1432198005735599189,826,0,Camera,0.0180857205695,-0.0342049873234,0.604039486626
1432198005992877361,827,0,Camera,0.00805522917963,-0.034001526655,0.621530065937
1432198006430589682,828,0,Camera,0.00278435346979,-0.0393916058861,0.623771338551
1432198006675189178,829,0,Camera,0.00537322334951,-0.0527882340435,0.609250491622
1432198006895436308,830,0,Camera,0.00554822253748,-0.0632584173436,0.596783957697
1432198007230014008,831,0,Camera,0.00285023227916,-0.0557147105527,0.600034492414
1432198007481273558,832,0,Camera,-0.00619923112065,-0.0394906013934,0.645782960276
1432198007786367238,833,0,Camera,-0.00405438400918,-0.0335567548316,0.647742725318
1432198008097500611,834,0,Camera,0.00443277913471,-0.0356667545135,0.630112519593
1432198008329329676,835,0,Camera,0.0108499522665,-0.0368896453328,0.619367055559
1432198008588705774,836,0,Camera,0.0154502182697,-0.0401110535825,0.605952119668
1432198009177728040,837,0,Camera,0.00618002433873,-0.0352547288699,0.632606111702
1432198009396944376,838,0,Camera,0.00288750932719,-0.0284699883831,0.642146353201
1432198009680287022,839,0,Camera,0.00359486785443,-0.0219532273345,0.640779032614
1432198009985572659,840,0,Camera,0.00825859119375,-0.0293179800631,0.619435884289
1432198010295095226,841,0,Camera,0.0100440936992,-0.0370032397733,0.619490713665
1432198010792418039,842,0,Camera,0.00976208076685,-0.0430846482369,0.620488284984
1432198011332482066,843,0,Camera,0.0146819294212,-0.0610284677626,0.592231319274
1432198011600277220,844,0,Camera,0.012222460915,-0.0535154453496,0.608940624355
1432198011931780896,845,0,Camera,0.0085871134584,-0.0477219424298,0.622294114537
1432198012154997879,846,0,Camera,0.00818490371373,-0.0494870135086,0.621776490709
1432198012379890791,847,0,Camera,0.0098060820354,-0.0548145432064,0.613326377427
1432198012884214414,848,0,Camera,0.0121456960493,-0.0590740498722,0.603286726407
1432198013189259557,849,0,Camera,0.0140133791987,-0.0551560110436,0.603776327496
1432198013481189051,850,0,Camera,0.0162904091212,-0.0574096268625,0.59634819842
1432198013702152539,851,0,Camera,0.0167368173896,-0.0582210396963,0.593041822722
1432198014030374569,852,0,Camera,0.0141553506542,-0.0481512454412,0.60982223119
1432198014291840757,853,0,Camera,0.0148937745778,-0.0510372113537,0.606006595677
1432198014582235413,854,0,Camera,0.0178233688949,-0.0583430357013,0.59068152172
1432198014800628784,855,0,Camera,0.0180663269262,-0.0590551426409,0.589611026671
1432198015028894821,856,0,Camera,0.0163491293797,-0.0540683577532,0.600875443668
1432198015249551042,857,0,Camera,0.0164443263715,-0.0507414409236,0.603313995341
1432198015583785929,858,0,Camera,0.0181787980744,-0.0509654507638,0.597949212994
1432198015986435328,859,0,Camera,0.019420942746,-0.0487331695639,0.598649918687
1432198016336904740,860,0,Camera,0.0231612609939,-0.0518158944867,0.586916914465
1432198016644112762,861,0,Camera,0.024765202425,-0.0536323274981,0.579252968086
1432198016931980454,862,0,Camera,0.0240337630765,-0.0556338184017,0.577965099655
1432198017384374871,863,0,Camera,0.024937304573,-0.0642068322335,0.563638044349
1432198017647387561,864,0,Camera,0.0226702056945,-0.0572947395551,0.578018452001
1432198017993089786,865,0,Camera,0.0255358658875,-0.0596141531504,0.568833043297
1432198018291099562,866,0,Camera,0.0225435283257,-0.054144518825,0.586394231227
1432198018579924337,867,0,Camera,0.0212896380782,-0.0439386004675,0.602297331759
1432198018879352040,868,0,Camera,0.02763369924,-0.0413078186854,0.591071992001
1432198019193225191,869,0,Camera,0.0327286663907,-0.0454975739405,0.571419079259
1432198019631240248,870,0,Camera,0.0285778210962,-0.0425730272658,0.587623688251
1432198019936399490,871,0,Camera,0.0294079349476,-0.0452936046972,0.583031024572
1432198020396357796,872,0,Camera,0.0279091400909,-0.0430739775488,0.589966036684
1432198020780470775,873,0,Camera,0.0281055505086,-0.0417766442859,0.588383687507
1432198021091030045,874,0,Camera,0.0287444805855,-0.0375989918146,0.591102277761
1432198021432517729,875,0,Camera,0.0288325295725,-0.0343054148639,0.597527884136
1432198021743868010,876,0,Camera,0.0330095413827,-0.0390583183814,0.579983639789
1432198022035906169,877,0,Camera,0.036848490817,-0.0400566517829,0.570268525543
1432198022346914678,878,0,Camera,0.0374931325994,-0.0424220604248,0.563219781118
1432198022582734202,879,0,Camera,0.0378457260329,-0.0427319881632,0.5641349788
1432198022897399173,880,0,Camera,0.037620268212,-0.0388318476626,0.571402501456
1432198023135943621,881,0,Camera,0.0412113827506,-0.0428485760379,0.558040581892
1432198023446653527,882,0,Camera,0.0448302822879,-0.0477721057358,0.539238089669
1432198023742988623,883,0,Camera,0.0416208267757,-0.0429927534044,0.547597632897
1432198024130488395,884,0,Camera,0.0396191207407,-0.0404100447587,0.565637294021
1432198024352708611,885,0,Camera,0.0400252311487,-0.041846147145,0.563237250915
1432198024588962866,886,0,Camera,0.0389806115677,-0.0431192390576,0.5651224046
1432198024892799883,887,0,Camera,0.0394757536008,-0.0465834791423,0.560861271617
1432198025236343899,888,0,Camera,0.0405432475749,-0.0511493510729,0.560274945772
1432198025497668883,889,0,Camera,0.0409455625404,-0.0507456575151,0.558113199426
1432198025727899313,890,0,Camera,0.0406743147459,-0.0439592022719,0.558461951416
1432198026032758214,891,0,Camera,0.0395085222393,-0.0372797327951,0.569059974545
1432198026292836149,892,0,Camera,0.0400327069954,-0.0388041633475,0.567257896555
1432198026634785914,893,0,Camera,0.0416149626871,-0.0463554517055,0.566411493627
1432198026899305372,894,0,Camera,0.0438391635621,-0.046586121752,0.552613144939
1432198027231596636,895,0,Camera,0.0441784502645,-0.0419601153944,0.561758909802
1432198027488673045,896,0,Camera,0.0471781191289,-0.0429830846973,0.547449676105
1432198027797655007,897,0,Camera,0.0504765197581,-0.0453232957383,0.53790258337
1432198028081308861,898,0,Camera,0.0499876924043,-0.0460213692153,0.536883063184
1432198028480991647,899,0,Camera,0.0505765985348,-0.045101197008,0.538586197879
1432198028940557279,900,0,Camera,0.0531616543493,-0.0437462000738,0.535288700036
1432198029227609875,901,0,Camera,0.0536710454353,-0.0532892411287,0.518298803504
1432198029531781892,902,0,Camera,0.0489738816822,-0.0497621962494,0.535735054236
1432198029897934103,903,0,Camera,0.0471464438849,-0.0429076096028,0.547851946765
1432198030311514061,904,0,Camera,0.0515462998124,-0.0508302392873,0.52743161573
1432198030586948270,905,0,Camera,0.0508384055605,-0.0438221007595,0.540882141114
1432198030950867201,906,0,Camera,0.0505785754996,-0.0413941566543,0.541867696798
1432198031436450406,907,0,Camera,0.0532045150146,-0.0471037817243,0.532244407742
1432198031686331961,908,0,Camera,0.0535730721303,-0.0461205686927,0.532944511074
1432198031952775285,909,0,Camera,0.051978347952,-0.043750677411,0.537013657137
1432198032180561911,910,0,Camera,0.0510841697313,-0.0450505353805,0.538781270794
1432198032447558965,911,0,Camera,0.0510010003801,-0.0462835936034,0.53489658738
1432198032785638831,912,0,Camera,0.0507637365011,-0.0413044943696,0.540525066972
1432198033152989044,913,0,Camera,0.0492412367728,-0.0363777174192,0.550336390495
1432198033485419553,914,0,Camera,0.0498032588528,-0.0411632818005,0.543197775487
1432198033794354730,915,0,Camera,0.0507859411782,-0.0423905477413,0.540503531782
1432198034135990276,916,0,Camera,0.0517035656832,-0.0417716526431,0.537830750388
1432198034399621626,917,0,Camera,0.0514044349343,-0.0411206117768,0.540728967445
1432198034885528670,918,0,Camera,0.0525775095013,-0.0380793239687,0.541815556745
1432198035196737971,919,0,Camera,0.0533232629929,-0.0405163616223,0.537122203691
1432198035440374152,920,0,Camera,0.0513321383617,-0.0401625821178,0.542405124748
1432198035703836972,921,0,Camera,0.0516894241777,-0.0363640486019,0.545271835223
1432198035933700165,922,0,Camera,0.0523013677099,-0.0344598699937,0.543955926929
1432198036199049155,923,0,Camera,0.0518930427425,-0.0347065461791,0.544587953566
1432198036486249126,924,0,Camera,0.05210110726,-0.0342445525642,0.544915206552
1432198036734838432,925,0,Camera,0.052565589547,-0.0339765176885,0.543777076059
1432198037090922334,926,0,Camera,0.0508184540999,-0.0334447032426,0.550216530608
1432198037385786466,927,0,Camera,0.049905747564,-0.0388987104254,0.546595821242
1432198037618380706,928,0,Camera,0.0493730023178,-0.0398970798753,0.547497977827
1432198037885176349,929,0,Camera,0.0480251008326,-0.0332352392178,0.555196067236
1432198038104911937,930,0,Camera,0.0479850763161,-0.0296523728038,0.558163389391
1432198038388096600,931,0,Camera,0.0496743777174,-0.0327653518515,0.550034072751
1432198038652946320,932,0,Camera,0.0491092605042,-0.0379718612784,0.546024028627
1432198039185630998,933,0,Camera,0.045908819323,-0.0357508432355,0.562457558929
1432198039447292595,934,0,Camera,0.0474301881832,-0.0384522417081,0.551451587805
1432198039788004108,935,0,Camera,0.048852679744,-0.0395596092223,0.547815477004
1432198040054585146,936,0,Camera,0.0490267884664,-0.0360228577871,0.550331581654
1432198040386616701,937,0,Camera,0.0465354245017,-0.0314687334361,0.564774973282
1432198040650939762,938,0,Camera,0.0453823133713,-0.0292137967685,0.56872342407
1432198040937722502,939,0,Camera,0.0476548155372,-0.0318137962,0.557385050788
1432198041238800337,940,0,Camera,0.0506450270791,-0.0313584135719,0.549887189973
1432198041547983714,941,0,Camera,0.0526938867438,-0.0304211909748,0.549157031897
1432198041836164705,942,0,Camera,0.0528692074005,-0.0308260182888,0.550215376026
1432198042147042483,943,0,Camera,0.0535074951439,-0.0342206194223,0.54645780274
1432198042386160485,944,0,Camera,0.0543835748298,-0.0342324661848,0.545405867325
1432198042632834142,945,0,Camera,0.0542709685324,-0.0309167558328,0.54515716529
1432198042942109607,946,0,Camera,0.0544248976948,-0.0295441105969,0.547736934127
1432198043236127687,947,0,Camera,0.0543615001815,-0.0323442033877,0.545551534406
1432198043480667701,948,0,Camera,0.0537746544127,-0.0333403582939,0.546313130591
1432198043788376092,949,0,Camera,0.0528097106984,-0.035200976463,0.547376344698
1432198044237162789,950,0,Camera,0.0554423105089,-0.0235613812247,0.54979904514
1432198044600543791,951,0,Camera,0.0544764321051,-0.0226404800536,0.553923713297
1432198044834341667,952,0,Camera,0.0532039014212,-0.0280206595961,0.552281776239
1432198045082311876,953,0,Camera,0.0522692893398,-0.0322535938606,0.551125360967
1432198045348032501,954,0,Camera,0.0519128357533,-0.0285062006837,0.554350700803
1432198045634635769,955,0,Camera,0.0522626079042,-0.0238188197661,0.55662059013
1432198045913001168,956,0,Camera,0.0534203918643,-0.0253370435561,0.551955130038
1432198046150399230,957,0,Camera,0.0524637768454,-0.0266641841127,0.552091913166
1432198046480914109,958,0,Camera,0.0516959295125,-0.0273490275298,0.553432877688
1432198046741620404,959,0,Camera,0.0539762160858,-0.0267175373279,0.550557962154
1432198047233526847,960,0,Camera,0.0569158177903,-0.0250083906057,0.546734282556
1432198047539252506,961,0,Camera,0.0565755793972,-0.0268862666786,0.545015346644
1432198047796492225,962,0,Camera,0.0557140987285,-0.0266834296491,0.548857753399
1432198048231880020,963,0,Camera,0.0582415547048,-0.0264389970303,0.543733718132
1432198048494017936,964,0,Camera,0.0590312751466,-0.0267874586559,0.542076713994
1432198048782532313,965,0,Camera,0.0586599834648,-0.0264032104645,0.544436225667
1432198049048347883,966,0,Camera,0.0604867795546,-0.0260475377627,0.542185708813
1432198049483335068,967,0,Camera,0.0642578489136,-0.0276909955905,0.533145964659
1432198049810883837,968,0,Camera,0.0671751238785,-0.0203383547857,0.532486788492
